[22,27,16,2,18,6] -> Insertion Sort             

                                        BIG-O NOTATION: O(n)
1.ADIM----->    [22,27,16,2,18,6]         18:  Worth-Case
2.ADIM----->    [2,22,27,16,18,6]
3.ADIM----->    [2,6,22,27,16,18]
4.ADIM----->    [2,6,16,22,27,18]
5.ADIM----->    [2,6,16,18,22,27]



QUİCK SORT
                BIG-O NOTATION: O(n^2)

    [22,27,16,2,18,6] ----->PİVOT:6

                        6
                    [2]   [6]  [22,27,16,18]  ----->PİVOT:18
                                 
                                  [16]  [18]    [22,27]  ----->PİVOT:27
                                              
                                               [22]  [27] 